0 0.01879
1 0.00094
2 0.000485
3 0.001095
4 0.02301
5 0.052805
6 0.08306
7 0.11417
8 0.14264
9 0.15368
10 0.18488
11 0.218375
12 0.24982
13 0.29052
14 0.34224
15 0.40096
16 0.464255
17 0.519445
18 0.580185
19 0.63739
20 0.675035
21 0.68612
22 0.697755
23 0.703905
24 0.714425
25 0.72468
26 0.733635
27 0.73859
28 0.729465
29 0.68783
30 0.654475
31 0.634985
32 0.61467
33 0.594535
34 0.574635
35 0.555235
36 0.53454
37 0.514455
38 0.505845
39 0.54183
40 0.579995
41 0.618315
42 0.658565
43 0.6785
44 0.61641
45 0.559295
46 0.491805
47 0.43124
48 0.37027
49 0.308765
50 0.25033
51 0.22854
52 0.20874
53 0.18863
54 0.16806
55 0.147855
56 0.1275
57 0.105235
58 0.08499
59 0.06509
60 0.04448
61 0.02424
62 0.003155
63 0.003375
64 0.00035
65 0.000345
66 0.00035
67 0.00037
68 0.000365
69 0.000345
70 0.000335
71 0.000755
72 0.000405
73 0.000315
74 0.00034
75 0.000345
76 0.000365
77 0.00032
78 0.000434999
79 0.000335
80 0.00034
81 0.000335
82 0.000725
83 0.000315
84 0.000345
85 0.00038
86 0.00038
87 0.000315
88 0.000335
89 0.00035
90 0.000365
91 0.000335
92 0.000345
93 0.00032
94 0.00034
95 0.000335
96 0.00031
97 0.000395
98 0.00034
99 0.000395
100 0.00037
101 0.000325
102 0.000345
103 0.000315
104 0.00033
105 0.000325001
106 0.000395
107 0.000355
108 0.000335
109 0.000385
110 0.00036
111 0.000355
112 0.00039
113 0.00033
114 0.000315
115 0.00037
116 0.00034
117 0.000385
118 0.0003
119 0.000345
120 0.000355
121 0.000314999
122 0.000375
123 0.00033
124 0.00035
125 0.000335
126 0.00031
127 0.003665
128 0.000405
129 0.00035
130 0.000355
131 0.000295
132 0.000325
133 0.000355
134 0.00037
135 0.000345
136 0.00035
137 0.000345
138 0.000415
139 0.00071
140 0.000345
141 0.000365
142 0.00034
143 0.000335
144 0.00031
145 0.000365
146 0.0004
147 0.00038
148 0.000315
149 0.000375
150 0.000835
151 0.000425
152 0.00036
153 0.000305
154 0.00035
155 0.00036
156 0.000315
157 0.00036
158 0.00035
159 0.00037
160 0.00034
161 0.000485
162 0.000385
163 0.000465
164 0.000345
165 0.000305
166 0.000335
167 0.000325
168 0.00038
169 0.026035
170 0.056075
171 0.086195
172 0.116415
173 0.146715
174 0.175305
175 0.20571
176 0.235095
177 0.265385
178 0.258715
179 0.239105
180 0.219085
181 0.199065
182 0.178385
183 0.158485
184 0.1384
185 0.117665
186 0.09615
187 0.074515
188 0.0533
189 0.032195
190 0.01101
191 0.003765
192 0.00041
193 0.0004
194 0.00036
195 0.000335001
196 0.00035
197 0.00034
198 0.00036
199 0.00044
