0 0.00636
1 0.000655
2 0.000885001
3 0.000715
4 0.001125
5 0.002015
6 0.002105
7 0.002575
8 0.002725
9 0.000605
10 0.000485
11 0.000535
12 0.00065
13 0.000425
14 0.00128
15 0.00232
16 0.00222
17 0.00289
18 0.002605
19 0.00039
20 0.000415
21 0.000365
22 0.000595
23 0.000755
24 0.000515
25 0.00064
26 0.009025
27 0.006515
28 0.00671
29 0.0071
30 0.00521
31 0.00527
32 0.00538
33 0.005365
34 0.005425
35 0.0054
36 0.00546
37 0.00543
38 0.005575
39 0.00621
40 0.007625
41 0.00848
42 0.007585
43 0.00755
44 0.007975
45 0.00806
46 0.008025
47 0.00825
48 0.0097
49 0.011645
50 0.01242
51 0.00824
52 0.0085
53 0.00891
54 0.008945
55 0.009075
56 0.009275
57 0.009565
58 0.009775
59 0.009895
60 0.01039
61 0.00993
62 0.01
63 0.00227
64 0.00039
65 0.00035
66 0.000365
67 0.000445
68 0.00039
69 0.000395
70 0.000855
71 0.000345
72 0.000415
73 0.00082
74 0.00045
75 0.000385
76 0.00036
77 0.000385
78 0.000345001
79 0.00037
80 0.00036
81 0.000375
82 0.00035
83 0.000365
84 0.00038
85 0.00035
86 0.0004
87 0.00036
88 0.00036
89 0.00037
90 0.0004
91 0.000359999
92 0.00035
93 0.00034
94 0.00034
95 0.000365
96 0.000375
97 0.000385
98 0.00045
99 0.00035
100 0.000395
101 0.000395
102 0.00041
103 0.000345
104 0.00038
105 0.0008
106 0.000955
107 0.00043
108 0.00036
109 0.00056
110 0.0008
111 0.000365
112 0.000365
113 0.00036
114 0.000435
115 0.00036
116 0.0004
117 0.00037
118 0.00083
119 0.000815
120 0.00036
121 0.000365
122 0.00037
123 0.000655
124 0.00038
125 0.000345
126 0.00036
127 0.002135
128 0.000415
129 0.000415
130 0.00034
131 0.00037
132 0.000375
133 0.000345
134 0.000405
135 0.000435
136 0.00036
137 0.000645
138 0.000375
139 0.00035
140 0.00038
141 0.000385
142 0.000355
143 0.00035
144 0.00039
145 0.00049
146 0.000425
147 0.000375
148 0.000435
149 0.00036
150 0.00086
151 0.0005
152 0.0004
153 0.00039
154 0.00036
155 0.000355
156 0.00047
157 0.00042
158 0.000405
159 0.000455
160 0.000355
161 0.0007
162 0.000365
163 0.000405
164 0.00039
165 0.000415
166 0.00038
167 0.000415
168 0.00035
169 0.000535
170 0.000955
171 0.001105
172 0.00083
173 0.003525
174 0.00312
175 0.00414
176 0.00353
177 0.000455
178 0.000355
179 0.000395
180 0.00049
181 0.000435
182 0.000475
183 0.00039
184 0.000515
185 0.000385
186 0.00105
187 0.0019
188 0.002645
189 0.00354
190 0.004435
191 0.00516
192 0.000435
193 0.000435
194 0.000435
195 0.000375
196 0.000395
197 0.000445
198 0.000395
199 0.000380001
