0 8.00963
1 8.06996
2 8.11664
3 8.19367
4 8.24182
5 8.26274
6 8.36398
7 8.17826
8 8.20687
9 8.1243
10 8.14245
11 8.27294
12 8.33996
13 8.35883
14 8.3661
15 8.43156
16 8.50903
17 8.58854
18 8.72578
19 8.73173
20 8.64599
21 8.53728
22 8.48353
23 8.52144
24 8.49839
25 8.52982
26 8.51479
27 8.44482
28 8.44677
29 8.51047
30 8.46627
31 8.4392
32 8.41302
33 8.39563
34 8.38243
35 8.36897
36 8.38569
37 8.45746
38 8.44768
39 8.40778
40 8.47061
41 8.47129
42 8.40229
43 8.34806
44 8.28096
45 8.22243
46 8.20544
47 8.11082
48 8.08477
49 8.06696
50 8.00973
51 7.9757
52 7.87277
53 7.85022
54 7.83108
55 7.80468
56 7.78697
57 7.76902
58 7.74528
59 7.72484
60 7.71152
61 7.68873
62 7.66605
63 7.65633
64 7.65085
65 7.65001
66 7.65045
67 7.64988
68 7.67509
69 7.65206
70 7.64694
71 7.64911
72 7.64671
73 7.63914
74 7.648
75 7.64554
76 7.64229
77 7.64634
78 7.64933
79 7.65121
80 7.65051
81 7.64275
82 7.64348
83 7.64393
84 7.64524
85 7.65485
86 7.65249
87 7.64464
88 7.66968
89 7.65885
90 7.65581
91 7.648
92 7.64498
93 7.64773
94 7.64667
95 7.66761
96 7.65204
97 7.65744
98 7.65253
99 7.66488
100 7.65079
101 7.65162
102 7.64892
103 7.65121
104 7.64531
105 7.68904
106 7.71477
107 7.79514
108 7.79189
109 7.7533
110 7.64912
111 7.67541
112 7.70086
113 7.79726
114 7.7956
115 7.80208
116 7.79771
117 7.79029
118 7.76367
119 7.66041
120 7.65238
121 7.65125
122 7.66578
123 7.72156
124 7.79212
125 7.79313
126 7.78732
127 7.7123
128 7.67609
129 7.71681
130 7.79693
131 7.76247
132 7.69663
133 7.65861
134 7.65647
135 7.65345
136 7.65367
137 7.65079
138 7.65576
139 7.65711
140 7.65212
141 7.65345
142 7.64756
143 7.64683
144 7.65792
145 7.67753
146 7.6991
147 7.7084
148 7.68307
149 7.75993
150 7.71876
151 7.68516
152 7.69701
153 7.65911
154 7.66352
155 7.66111
156 7.65029
157 7.6561
158 7.65404
159 7.67541
160 7.66142
161 7.65333
162 7.66238
163 7.65604
164 7.66776
165 7.65176
166 7.67154
167 7.70653
168 7.74869
169 7.77731
170 7.80807
171 7.84447
172 7.87069
173 7.90865
174 7.98714
175 8.05077
176 8.04521
177 8.04237
178 8.11418
179 8.12468
180 8.04023
181 8.00021
182 8.00923
183 8.0604
184 7.95876
185 7.92838
186 7.88845
187 7.81071
188 7.73204
189 7.69054
190 7.70717
191 7.69987
192 7.80603
193 7.79806
194 7.79369
195 7.79788
196 7.79588
197 7.77029
198 7.67249
199 7.66797
